<!-- Generated by pkgdown: do not edit by hand -->
<!DOCTYPE html>
<html lang="en">
  <head>
  <meta charset="utf-8">
<meta http-equiv="X-UA-Compatible" content="IE=edge">
<meta name="viewport" content="width=device-width, initial-scale=1.0">

<title>Computes the covariance matrix for a set of log relative risks — covar.logrr • dosresmeta</title>

<!-- jquery -->
<script src="https://cdnjs.cloudflare.com/ajax/libs/jquery/3.3.1/jquery.min.js" integrity="sha256-FgpCb/KJQlLNfOu91ta32o/NMZxltwRo8QtmkMRdAu8=" crossorigin="anonymous"></script>
<!-- Bootstrap -->

<link rel="stylesheet" href="https://cdnjs.cloudflare.com/ajax/libs/twitter-bootstrap/3.3.7/css/bootstrap.min.css" integrity="sha256-916EbMg70RQy9LHiGkXzG8hSg9EdNy97GazNG/aiY1w=" crossorigin="anonymous" />
<script src="https://cdnjs.cloudflare.com/ajax/libs/twitter-bootstrap/3.3.7/js/bootstrap.min.js" integrity="sha256-U5ZEeKfGNOja007MMD3YBI0A3OSZOQbeG6z2f2Y0hu8=" crossorigin="anonymous"></script>

<!-- Font Awesome icons -->
<link rel="stylesheet" href="https://cdnjs.cloudflare.com/ajax/libs/font-awesome/5.7.1/css/all.min.css" integrity="sha256-nAmazAk6vS34Xqo0BSrTb+abbtFlgsFK7NKSi6o7Y78=" crossorigin="anonymous" />
<link rel="stylesheet" href="https://cdnjs.cloudflare.com/ajax/libs/font-awesome/5.7.1/css/v4-shims.min.css" integrity="sha256-6qHlizsOWFskGlwVOKuns+D1nB6ssZrHQrNj1wGplHc=" crossorigin="anonymous" />

<!-- clipboard.js -->
<script src="https://cdnjs.cloudflare.com/ajax/libs/clipboard.js/2.0.4/clipboard.min.js" integrity="sha256-FiZwavyI2V6+EXO1U+xzLG3IKldpiTFf3153ea9zikQ=" crossorigin="anonymous"></script>

<!-- headroom.js -->
<script src="https://cdnjs.cloudflare.com/ajax/libs/headroom/0.9.4/headroom.min.js" integrity="sha256-DJFC1kqIhelURkuza0AvYal5RxMtpzLjFhsnVIeuk+U=" crossorigin="anonymous"></script>
<script src="https://cdnjs.cloudflare.com/ajax/libs/headroom/0.9.4/jQuery.headroom.min.js" integrity="sha256-ZX/yNShbjqsohH1k95liqY9Gd8uOiE1S4vZc+9KQ1K4=" crossorigin="anonymous"></script>

<!-- pkgdown -->
<link href="../pkgdown.css" rel="stylesheet">
<script src="../pkgdown.js"></script>



<meta property="og:title" content="Computes the covariance matrix for a set of log relative risks — covar.logrr" />

<meta property="og:description" content="Reconstructs the covariance matrix for a set of (reported) log relative risks, given the number of cases and 
the number of total persons or person-years for each treatment (dose) level." />
<meta name="twitter:card" content="summary" />



<!-- mathjax -->
<script src="https://cdnjs.cloudflare.com/ajax/libs/mathjax/2.7.5/MathJax.js" integrity="sha256-nvJJv9wWKEm88qvoQl9ekL2J+k/RWIsaSScxxlsrv8k=" crossorigin="anonymous"></script>
<script src="https://cdnjs.cloudflare.com/ajax/libs/mathjax/2.7.5/config/TeX-AMS-MML_HTMLorMML.js" integrity="sha256-84DKXVJXs0/F8OTMzX4UR909+jtl4G7SPypPavF+GfA=" crossorigin="anonymous"></script>

<!--[if lt IE 9]>
<script src="https://oss.maxcdn.com/html5shiv/3.7.3/html5shiv.min.js"></script>
<script src="https://oss.maxcdn.com/respond/1.4.2/respond.min.js"></script>
<![endif]-->



  </head>

  <body>
    <div class="container template-reference-topic">
      <header>
      <div class="navbar navbar-default navbar-fixed-top" role="navigation">
  <div class="container">
    <div class="navbar-header">
      <button type="button" class="navbar-toggle collapsed" data-toggle="collapse" data-target="#navbar" aria-expanded="false">
        <span class="sr-only">Toggle navigation</span>
        <span class="icon-bar"></span>
        <span class="icon-bar"></span>
        <span class="icon-bar"></span>
      </button>
      <span class="navbar-brand">
        <a class="navbar-link" href="../index.html">dosresmeta</a>
        <span class="version label label-default" data-toggle="tooltip" data-placement="bottom" title="Released version">2.1.1</span>
      </span>
    </div>

    <div id="navbar" class="navbar-collapse collapse">
      <ul class="nav navbar-nav">
        <li>
  <a href="../index.html">
    <span class="fas fa fas fa-home fa-lg"></span>
     
  </a>
</li>
<li>
  <a href="../reference/index.html">Reference</a>
</li>
      </ul>
      
      <ul class="nav navbar-nav navbar-right">
        
      </ul>
      
    </div><!--/.nav-collapse -->
  </div><!--/.container -->
</div><!--/.navbar -->

      

      </header>

<div class="row">
  <div class="col-md-9 contents">
    <div class="page-header">
    <h1>Computes the covariance matrix for a set of log relative risks</h1>
    
    <div class="hidden name"><code>covar.logrr.Rd</code></div>
    </div>

    <div class="ref-description">
    
    <p>Reconstructs the covariance matrix for a set of (reported) log relative risks, given the number of cases and 
the number of total persons or person-years for each treatment (dose) level.</p>
    
    </div>

    <pre class="usage"><span class='fu'>covar.logrr</span>(<span class='no'>cases</span>, <span class='no'>n</span>, <span class='no'>y</span>, <span class='no'>v</span>, <span class='no'>type</span>, <span class='no'>data</span>, <span class='kw'>covariance</span> <span class='kw'>=</span> <span class='st'>"gl"</span>)</pre>
    
    <h2 class="hasAnchor" id="arguments"><a class="anchor" href="#arguments"></a>Arguments</h2>
    <table class="ref-arguments">
    <colgroup><col class="name" /><col class="desc" /></colgroup>
    <tr>
      <th>cases</th>
      <td><p>a vector, defining the number of cases for each exposure level.</p></td>
    </tr>
    <tr>
      <th>n</th>
      <td><p>a vector, defining the total number of subjects for each exposure level. For incidence-rate data <code>n</code> indicates the amount of person-time within 
each exposure level.</p></td>
    </tr>
    <tr>
      <th>y</th>
      <td><p>a vector, defining the (reported) log relative risks.</p></td>
    </tr>
    <tr>
      <th>v</th>
      <td><p>a vector, defining the variances of the reported log relative risks.</p></td>
    </tr>
    <tr>
      <th>type</th>
      <td><p>a vector (or a character string), specifying the design of the study. Options are
<code>cc</code>, <code>ir</code>, and <code>ci</code>, for case-control, incidence-rate, and cumulative incidence data, respectively.</p></td>
    </tr>
    <tr>
      <th>data</th>
      <td><p>an optional data frame (or object coercible by <code><a href='https://rdrr.io/r/base/as.data.frame.html'>as.data.frame</a></code> to a data frame) containing the variables in the previous arguments.</p></td>
    </tr>
    <tr>
      <th>covariance</th>
      <td><p>method to approximate the coviariance among set of reported log relative risks, "<code>gl</code>" for the method proposed by Greenland and Longnecker
(default), "<code>h</code>" for the method proposed by Hamling.</p></td>
    </tr>
    </table>
    
    <h2 class="hasAnchor" id="value"><a class="anchor" href="#value"></a>Value</h2>

    <p>The (co)variance matrix of the log relative risks.</p>
    
    <h2 class="hasAnchor" id="details"><a class="anchor" href="#details"></a>Details</h2>

    <p>This is an internal function called by <code><a href='dosresmeta.html'>dosresmeta</a></code> to reconstruct the (co)variance matrix of the (adjusted) log relative risks. The function
calls, depending on the choosen method, <code><a href='grl.html'>grl</a></code> (default) or <code><a href='hamling.html'>hamling</a></code> to reconstruct the effective counts corresponding to the (adjusted) log
relative risks as well as their standard errors. From these it computes the covariance matrix; analytical formulas can be found in the referenced article.</p>
    
    <h2 class="hasAnchor" id="references"><a class="anchor" href="#references"></a>References</h2>

    <p>Orsini, N., Li, R., Wolk, A., Khudyakov, P., Spiegelman, D. (2012). Meta-analysis for linear and nonlinear dose-response relations: 
examples, an evaluation of approximations, and software. American journal of epidemiology, 175(1), 66-73.</p>
    
    <h2 class="hasAnchor" id="see-also"><a class="anchor" href="#see-also"></a>See also</h2>

    <div class='dont-index'><p><code><a href='grl.html'>grl</a></code>, <code><a href='hamling.html'>hamling</a></code>, <code><a href='covar.smd.html'>covar.smd</a></code>, <code><a href='dosresmeta.html'>dosresmeta</a></code></p></div>
    

    <h2 class="hasAnchor" id="examples"><a class="anchor" href="#examples"></a>Examples</h2>
    <pre class="examples"><div class='input'><span class='co'>## Loading data</span>
<span class='fu'><a href='https://rdrr.io/r/utils/data.html'>data</a></span>(<span class='st'>"alcohol_cvd"</span>)

<span class='co'>## Obtaining the (co)variance matrix of log RR for the first study (id = 1)</span>
<span class='fu'>covar.logrr</span>(<span class='kw'>y</span> <span class='kw'>=</span> <span class='no'>logrr</span>, <span class='kw'>v</span> <span class='kw'>=</span> <span class='fu'><a href='https://rdrr.io/r/base/AsIs.html'>I</a></span>(<span class='no'>se</span>^<span class='fl'>2</span>), <span class='kw'>cases</span> <span class='kw'>=</span> <span class='no'>cases</span>, <span class='kw'>n</span> <span class='kw'>=</span> <span class='no'>n</span>, <span class='kw'>type</span> <span class='kw'>=</span> <span class='no'>type</span>,
            <span class='kw'>data</span> <span class='kw'>=</span> <span class='fu'><a href='https://rdrr.io/r/base/subset.html'>subset</a></span>(<span class='no'>alcohol_cvd</span>, <span class='no'>id</span> <span class='kw'>==</span> <span class='fl'>1</span>))</div><div class='output co'>#&gt;            [,1]       [,2]       [,3]       [,4]
#&gt; [1,] 0.04987985 0.01875906 0.01678737 0.01780975
#&gt; [2,] 0.01875906 0.05463996 0.01736485 0.01842239
#&gt; [3,] 0.01678737 0.01736485 0.14176254 0.01648609
#&gt; [4,] 0.01780975 0.01842239 0.01648609 0.19714011</div><div class='input'>
<span class='co'>## Obtaining the (co)variance matrices of log RRfor all study</span>
<span class='fu'><a href='https://rdrr.io/r/base/by.html'>by</a></span>(<span class='no'>alcohol_cvd</span>, <span class='no'>alcohol_cvd</span>$<span class='no'>id</span>, <span class='kw'>function</span>(<span class='no'>x</span>)
   <span class='fu'>covar.logrr</span>(<span class='kw'>y</span> <span class='kw'>=</span> <span class='no'>logrr</span>, <span class='kw'>v</span> <span class='kw'>=</span> <span class='fu'><a href='https://rdrr.io/r/base/AsIs.html'>I</a></span>(<span class='no'>se</span>^<span class='fl'>2</span>), <span class='kw'>cases</span> <span class='kw'>=</span> <span class='no'>cases</span>, <span class='kw'>n</span> <span class='kw'>=</span> <span class='no'>n</span>,
               <span class='kw'>type</span> <span class='kw'>=</span> <span class='no'>type</span>, <span class='kw'>data</span> <span class='kw'>=</span> <span class='no'>x</span>))</div><div class='output co'>#&gt; alcohol_cvd$id: 1
#&gt;            [,1]       [,2]       [,3]       [,4]
#&gt; [1,] 0.04987985 0.01875906 0.01678737 0.01780975
#&gt; [2,] 0.01875906 0.05463996 0.01736485 0.01842239
#&gt; [3,] 0.01678737 0.01736485 0.14176254 0.01648609
#&gt; [4,] 0.01780975 0.01842239 0.01648609 0.19714011
#&gt; ------------------------------------------------------------ 
#&gt; alcohol_cvd$id: 2
#&gt;            [,1]       [,2]       [,3]
#&gt; [1,] 0.04897601 0.02669775 0.02510026
#&gt; [2,] 0.02669775 0.08854517 0.02425041
#&gt; [3,] 0.02510026 0.02425041 0.14983031
#&gt; ------------------------------------------------------------ 
#&gt; alcohol_cvd$id: 3
#&gt;            [,1]       [,2]       [,3]
#&gt; [1,] 0.10058223 0.03667789 0.04203026
#&gt; [2,] 0.03667789 0.17523766 0.03757552
#&gt; [3,] 0.04203026 0.03757552 0.82646389
#&gt; ------------------------------------------------------------ 
#&gt; alcohol_cvd$id: 4
#&gt;            [,1]       [,2]       [,3]
#&gt; [1,] 0.11104463 0.03566026 0.03466437
#&gt; [2,] 0.03566026 0.11449601 0.03293283
#&gt; [3,] 0.03466437 0.03293283 0.22216648
#&gt; ------------------------------------------------------------ 
#&gt; alcohol_cvd$id: 5
#&gt;            [,1]       [,2]       [,3]
#&gt; [1,] 0.02079807 0.01122058 0.01347285
#&gt; [2,] 0.01122058 0.05681004 0.01269044
#&gt; [3,] 0.01347285 0.01269044 0.07501320
#&gt; ------------------------------------------------------------ 
#&gt; alcohol_cvd$id: 6
#&gt;             [,1]        [,2]        [,3]
#&gt; [1,] 0.024519546 0.004898219 0.004718234
#&gt; [2,] 0.004898219 0.123263570 0.004371731
#&gt; [3,] 0.004718234 0.004371731 0.173481760</div><div class='input'>
<span class='co'>## Restructuring the previous results in a list of matrices</span>
<span class='fu'><a href='https://rdrr.io/r/base/do.call.html'>do.call</a></span>(<span class='st'>"list"</span>, <span class='fu'><a href='https://rdrr.io/r/base/by.html'>by</a></span>(<span class='no'>alcohol_cvd</span>, <span class='no'>alcohol_cvd</span>$<span class='no'>id</span>, <span class='kw'>function</span>(<span class='no'>x</span>)
   <span class='fu'>covar.logrr</span>(<span class='kw'>y</span> <span class='kw'>=</span> <span class='no'>logrr</span>, <span class='kw'>v</span> <span class='kw'>=</span> <span class='fu'><a href='https://rdrr.io/r/base/AsIs.html'>I</a></span>(<span class='no'>se</span>^<span class='fl'>2</span>), <span class='kw'>cases</span> <span class='kw'>=</span> <span class='no'>cases</span>, <span class='kw'>n</span> <span class='kw'>=</span> <span class='no'>n</span>, <span class='kw'>type</span> <span class='kw'>=</span> <span class='no'>type</span>,
               <span class='kw'>data</span> <span class='kw'>=</span> <span class='no'>x</span>)))</div><div class='output co'>#&gt; $`1`
#&gt;            [,1]       [,2]       [,3]       [,4]
#&gt; [1,] 0.04987985 0.01875906 0.01678737 0.01780975
#&gt; [2,] 0.01875906 0.05463996 0.01736485 0.01842239
#&gt; [3,] 0.01678737 0.01736485 0.14176254 0.01648609
#&gt; [4,] 0.01780975 0.01842239 0.01648609 0.19714011
#&gt; 
#&gt; $`2`
#&gt;            [,1]       [,2]       [,3]
#&gt; [1,] 0.04897601 0.02669775 0.02510026
#&gt; [2,] 0.02669775 0.08854517 0.02425041
#&gt; [3,] 0.02510026 0.02425041 0.14983031
#&gt; 
#&gt; $`3`
#&gt;            [,1]       [,2]       [,3]
#&gt; [1,] 0.10058223 0.03667789 0.04203026
#&gt; [2,] 0.03667789 0.17523766 0.03757552
#&gt; [3,] 0.04203026 0.03757552 0.82646389
#&gt; 
#&gt; $`4`
#&gt;            [,1]       [,2]       [,3]
#&gt; [1,] 0.11104463 0.03566026 0.03466437
#&gt; [2,] 0.03566026 0.11449601 0.03293283
#&gt; [3,] 0.03466437 0.03293283 0.22216648
#&gt; 
#&gt; $`5`
#&gt;            [,1]       [,2]       [,3]
#&gt; [1,] 0.02079807 0.01122058 0.01347285
#&gt; [2,] 0.01122058 0.05681004 0.01269044
#&gt; [3,] 0.01347285 0.01269044 0.07501320
#&gt; 
#&gt; $`6`
#&gt;             [,1]        [,2]        [,3]
#&gt; [1,] 0.024519546 0.004898219 0.004718234
#&gt; [2,] 0.004898219 0.123263570 0.004371731
#&gt; [3,] 0.004718234 0.004371731 0.173481760
#&gt; </div><div class='input'>
</div></pre>
  </div>
  <div class="col-md-3 hidden-xs hidden-sm" id="sidebar">
    <h2>Contents</h2>
    <ul class="nav nav-pills nav-stacked">
      <li><a href="#arguments">Arguments</a></li>
      
      <li><a href="#value">Value</a></li>

      <li><a href="#details">Details</a></li>

      <li><a href="#references">References</a></li>

      <li><a href="#see-also">See also</a></li>
      
      <li><a href="#examples">Examples</a></li>
    </ul>

    <h2>Author</h2>
    <p>Alessio Crippa, <a href='mailto:alessio.crippa@ki.se'>alessio.crippa@ki.se</a></p>
  </div>
</div>


      <footer>
      <div class="copyright">
  <p>Developed by Alessio Crippa.</p>
</div>

<div class="pkgdown">
  <p>Site built with <a href="https://pkgdown.r-lib.org/">pkgdown</a> 1.3.0.9100.</p>
</div>

      </footer>
   </div>

  


  </body>
</html>


